32349962
29967868
31570777
34288886
31612234
30294237
31687132
33595022
32573180
30770733
32350755
34942344
32602270
30507144
32520345
29580730
32583833
34833356
32232825
33671789
32441690
34557330
32498221
33545832
32087255
34354675
31808941
30270184
32452835
33439149
32490876
30395164
32488519
30547180
32614785
34276568
32657173
34422441
32717293
33770164
32705777
30757675
36593213
29752891
32408763
30515329
32878172
30847295
31924512
34665180
32954224
34676825
31851693
30916367
32997766
33951312
28976894
30790315
32966402
35264925
28887409
30996551
32928989
35121587
31952578
34870190
32412200
34853953
33209312
30912026
33047892
30944136
29377077
30476235
33286130
31115646
33080230
31514612
32236715
31311359
33250778
31052510
29337522
34080366
37526167
31540403
33327481
31435430
32595556
31186108
32715396
31575109
33411898
31226366
29414832
31298362
29522659
35361499
37497154
31372362
33633665
31628509
29539290
31885290
33541566
34953667
33462337
31367350
29589838
31579136
29690952
31480600
33460500
31223488
29550072
35703079
29833738
31655895
33400184
35513333
33613724
31382088
33282853
31324009
29369605
35428559
33415701
35158581
33549711
36493842
33603909
31445729
34151488
36760278
34383337
32495122
38315631
31273973
33505194
32426859
30378683
31390910
33619024
32477686
30911884
36456904
37606843
31630746
30344117
36541397
34549665
32506391
38324571
31433665
33275549
31534430
34387233
32420641
34215059
35644252
30535899
36823157
30369807
32053243
29914956
36222771
29996262
32174782
29941255
32322843
34405553
32397236
30231947
36272288
34233202
32366173
30092207
35928981
30318655
36244252
30418517
35937125
34153941
32167061
30389824
32011853
33981059
31837302
34260821
32006139
33938560
31663434
33931074
32181992
30024358
35774996
34047914
32138036
29770939
35752496
33843652
31657344
33518955
31923440
29555678
32072433
30783823
32749063
29644629
32938549
29905121
31719632
34931565
32796593
33425980
31967606
31085668
33015804
33484603
32032362
33865586
28493217
29789518
33057774
30863414
35532824
33698445
36496839
29745480
28602311
34887252
31254864
30748059
32413287
29946038
32401524
33612452
36226080
34488302
32459521
34682733
32653853
30674701
31457518
30762036
32214573
34558799
35405334
29343890
28389747
34689672
32606113
33734526
32604920
30688665
36557233
30934602
36287606
34638298
32703519
30432951
35747883
30312590
36668466
31268698
31644434
29726309
32643584
30899893
32771971
30701319
32572253
33526419
28556154
29622927
31590916
30809924
32913377
34904396
36446206
30598533
31919880
34804777
32894795
34826510
35726950
35041625
31877952
31106985
32835421
34845061
35919644
33724201
36340913
34517248
29008014
30869357
32588305
34839602
28706661
31145868
37070634
29804277
32832544
33905710
36834155
29977834
36627869
30301214
32702592
34736930
32747503
35059202
32738020
34406598
36063220
35013627
36630996
31113998
29055046
34901681
36873710
33534092
31880027
30944978
36815801
34813244
36648626
34965354
29071910
34875171
32892936
30985215
35755043
30947251
32806369
35163244
32838284
34962414
37039281
30036654
33039024
35006202
36972859
31115440
36810147
35137082
35870755
35129390
33103691
30996203
33076055
34970747
32857430
30967740
32755215
34873770
29235889
35043914
32915906
35259137
33103312
35132354
32827594
35102283
33198261
31320716
33408963
30211591
32955264
34996361
32564017
31048431
33166525
31253388
32981588
34819426
32966850
35088093
32925247
35112032
29008578
35232972
37262265
31070503
32998575
34982927
36777911
31072245
29036558
35152664
37109039
31180693
33135683
31217391
33175467
35368078
36900430
35126795
37190326
31334084
33168945
35113832
37020230
31259117
33140479
35128317
36927510
31200967
32810668
35306497
37406128
35254542
37464730
35351377
33236210
35297646
37010822
35336619
37208807
35470163
32893705
31409864
37100112
30750413
33401653
39301013
33208005
31838718
33210793
31455272
33130360
35214074
29777581
31311362
33494605
31349340
33361195
31538505
37191618
35500907
33835796
30885893
33353434
35351283
33201587
35410736
29127964
39077301
33266344
31290043
37125287
35245709
33274938
35311342
33901956
31334446
29537996
31440539
37782705
31118506
33047544
35242763
37639547
31631784
33274388
31633172
29601125
31532275
34421384
32212379
37433040
35329167
37261879
31210963
34354526
35295088
33183438
35411797
34231958
35288371
37321253
31641973
29533548
35364659
34093234
31763556
30840663
31484925
34326863
35361363
37280215
35342496
37326637
35317231
33150250
36286125
30253499
35439391
30342588
31494305
33114574
31348603
33092670
35197675
34338796
36400062
29480373
31138375
30416732
32400775
30319762
31469134
37287150
31318130
33234172
36401411
30395404
31467894
33204658
35381904
33302137
32252104
34531891
35195448
33245135
35044590
30245787
36438039
29944085
31142050
34289919
35151971
37212751
31294815
33395182
31384734
34245395
36341798
30274196
35420510
34389198
32302679
33278738
31262550
33658765
31924736
30222009
31173325
34333090
32365922
29296234
32124156
33202244
31101892
34172093
32306984
30364310
31464830
29265508
31298186
34101800
32221907
30398100
32429930
33228533
35138143
30097026
32180198
33340342
31279395
30145559
32404053
34379822
31308450
34307392
32497640
33275707
31317693
30485024
32380261
30402860
31298296
34356308
31141821
30115796
32197321
33983546
32318064
29296281
31280861
30232379
32707613
33282562
32758526
30602986
31458459
34322894
32274785
29323083
32162868
30360971
32284237
30032008
31165440
30421234
32371408
33291468
35264591
34413339
36349500
34434220
32261599
30394638
32167232
33220666
32323571
33424581
32129978
34204578
32235919
29146901
32252611
30121639
32572645
33149791
36197971
29898318
31204246
30180869
32441338
30442521
32178110
33340786
32292957
29372087
32426514
29317632
31253634
30199413
32124934
34266697
32231330
30201741
32224542
33906271
31907203
34052595
32079854
32063118
30143484
32515207
30067400
32419666
30422677
31422581
30028329
32403079
34016997
31995145
30377897
32234143
34084024
32179539
29930775
32069523
30055545
32289957
30164130
32196627
30389132
32164336
30115183
32332713
33959330
32203386
33991306
32080759
34457004
36273626
34296189
32142697
30213831
32347458
34486829
32331649
29985272
32205846
30097150
31996414
34102820
36041937
30106247
31911080
30291327
31965022
29989270
32277342
30517151
32329794
34207793
32009207
29832863
32018942
34074611
36345271
37930746
31998552
30138805
32044927
34061355
32336456
35151587
36890312
30039670
32215826
34273195
32279645
30064540
31981474
35171589
33135564
30613792
32131304
34053623
32093843
34350536
36343202
30179946
32632989
31011390
32660546
29881670
32399076
34449176
32316180
30401346
32563354
30360933
32422039
30476141
32333772
30112323
32250997
34237784
33183991
30492281
32957230
34183404
32259022
34178693
32042856
30152257
32320414
34333410
32314963
31442294
32371467
34256146
32167367
31220429
32427734
30400075
32680378
34246408
32426809
31462817
32480227
34195429
33040114
30497541
32446307
30193774
32581835
35280490
32359365
30327340
32281795
34291603
32501060
34430178
33351657
34857129
32595029
30574349
32296995
31575660
32304354
30384362
32780731
30468556
32310734
34266861
32412215
30564180
32401265
35476711
33650258
30349909
32321533
30677787
33138197
30460106
32403006
30358870
32347902
34324529
32384411
30425360
32410546
34583797
33466381
35439382
32835266
31405310
32396974
30413508
32417832
34423688
32556556
30480387
33667344
31515184
32464082
34458001
32412502
34297112
32428432
34742714
32765479
31752993
32539568
30557658
32444563
31654472
32497415
30652626
32471085
34607411
32491748
35475980
33531419
30456466
32509049
30487697
36472626
30447857
32695188
31514890
32499070
30810343
32519661
30878000
32623448
35539249
33521755
31528394
32390257
34410921
32505857
30547948
36226775
30636812
32497169
31565943
33801589
30720553
32701258
30773695
32534828
30665748
32591447
35539785
32576417
34493586
32473593
30531249
32536662
31772927
33795419
30493393
32498082
31508556
32567335
30472288
32455054
31519298
32436504
34412332
33555708
31512619
32749388
30832207
32508479
30593209
32470817
30469293
32542219
35518646
32556141
30492365
32595795
31614427
32250711
30186002
32809123
30704909
33581712
31839900
32470181
35469847
32455337
30451722
32462374
30436269
33379233
30690797
32523328
31552028
32548756
34512141
32299963
30480692
32498410
35842760
29210590
30491438
32445259
30473375
33563792
31550196
32616705
31271467
32485464
30411578
32423962
35551795
36287114
16463205
39534051
16463205
40491052
102274479
92466289
83043804
53025262
33155012
83300797
63518584
43594569
23729062
73962897
23057308
13614318
19611142
25593925
25593925
25593925
25593925
28433014
34850618
25581101
25569524
20797512
20742386
11081333
27421006
28265024
23492215
15074182
25185366
32403864
42983984
28603773
38938711
13423438
23708867
13899741
20902621
15755558
16660947
22236753
17685292
12890566
13940683
24931605
21006361
15259992
15988142
33615589
28883758
18985865
19079332
13832661
20502003
16343352
26562111
17299355
17077558
13363150
24438753
29710465
25524069
26315557
16980440
16999730
17549976
24149948
18979890
10078287
20348612
10770482
26945562
32534677
23000245
13705424
23734487
24756337
30976680
11488552
21873154
32926235
28724505
23277114
13989989
14055181
15115409
15539366
11192602
32584246
23519491
18321032
13094768
25189366
20283431
10907302
16347449
16668364
13370309
13268299
13642564
19207961
20254651
10399306
10371996
33099862
27593137
18076098
18826376
19211598
25202600
15173215
25870036
16053640
12047346
22346493
23313618
23964378
14675251
15244906
25225746
25908202
11617480
21898485
23231396
33826433
18651789
14683032
14723915
25739524
31960809
22520460
17498159
22763986
33805106
29785165
24643911
15158590
32043624
26272656
27480186
38157726
33709100
28831553
19210442
9466979
19753759
21030605
21770857
33596962
28485563
28705562
23900566
19693506
14727421
15993671
21696620
21495142
22416074
23361604
17959336
8489395
25705757
25430507
20825470
11594115
11303054
17993316
33956970
30106802
40334864
20442673
20177487
10912497
10657284
17135220
17650680
12702918
14082543
19952851
20047043
15211784
10534619
26449847
22050073
22310620
13113207
18998669
25370312
20235267
10476754
22114751
16485035
12216824
18007907
18519903
18805353
14821479
15816317
10355363
10906205
12436472
17767302
8510606
18601028
24730292
30383369
26237322
21334664
12100178
23445101
28733602
19555248
14346041
10323462
20587446
26425475
12051753
22459915
7874268
18951437
19974130
20851236
20700972
16784820
11232675
12380055
18570912
18745104
19935077
20054191
15781243
22254224
22186709
17692308
19398672
19393321
9740061
22644197
27781819
27988664
13387161
23646335
19569551
20045671
25471313
21457293
11932515
22447424
7909213
13844603
19895882
20158540
20795840
11674890
16715116
12829208
13597486
19093265
19399195
10072583
21168530
21231081
11956737
12567655
24343397
9159707
19666131
9675795
21508255
21232301
22020641
18474906
28755180
19304199
9742014
15234477
21707018
17412044
12696242
12921787
24198546
24507743
15287140
21280634
11710628
17763513
17894631
8606100
14558098
19126619
20617048
21243963
11277101
12087474
17694373
13871773
13848034
14656884
26463292
21240856
11466593
22651042
18569274
28879677
9084374
8620583
9864104
26409704
22349779
17236772
12489256
8414070
18739661
9050985
10266165
10218041
11033709
27833097
27933638
23059182
19108554
14016859
9965815
10254733
16280031
12233258
12063796
12866316
19250003
15072954
25644394
26458576
26476289
16973815
28112002
8387654
18790162
8704829
15932367
26255206
10347475
27285898
13080199
23346006
13060073
19431392
11458511
11863751
17355203
18571412
18809719
9476929
15431577
20886280
21161339
11830554
22357501
7809162
19454317
19574335
9776130
15095424
11585718
22184852
12156158
23676949
29431958
20270497
10323710
10528535
10047468
16471426
12232907
12563734
13581066
14228625
25001602
31691923
21888469
16480188
12251964
17748857
13473062
13814973
8950039
20920302
16224802
26684493
12306145
12244941
13589349
9748732
20287301
10517324
15688117
22313270
28037601
22945811
24060927
14872644
14391430
15198122
21605061
28077287
28458482
23397442
13776883
24066309
14093390
15020862
21496084
21914124
17273356
13118982
13409584
9898367
20213403
20842400
21646618
11790199
22006390
17641921
13518796
13737073
25458229
25462609
21584891
16240775
11949604
17853957
18584700
9195781
8775928
20620854
21640858
16119874
11310045
11888594
18311890
24197617
19883250
20811046
16307025
26416798
17185251
18126244
18453586
19552772
24882115
15407391
10119643
16050662
11130937
17341450
8044374
14334469
20063917
21318501
15746004
32285140
33420013
13652760
24010266
7892439
14908904
9668854
21128339
22212165
12256110
12414701
7902436
18621425
19843423
14645662
15521260
16771996
17216310
12216188
7817063
13726247
19656591
19591333
21356737
11495559
11964665
12601260
18462835
18345319
19855433
19827991
10573871
16309732
21857532
17441522
8574966
18882461
9395991
14640252
10590033
20989056
11493589
23042767
8061345
18355221
8753235
14696042
21168675
21462632
17501031
28346431
18467954
13028637
8844501
21375776
31454338
16123322
16484359
17808362
17554858
18843021
9105140
20305830
20999995
11588042
21867321
12610725
18327963
13428398
9455443
20021755
10603420
15895446
12148462
12841008
24046833
24371057
19166906
9552506
10267899
11682682
22173805
12248819
17766248
24607845
24966072
20541852
15225029
11308141
11403224
17687206
18006069
13252108
9139679
9519294
15859650
21677976
21932903
17727100
18211020
8908728
9343774
14535331
21425047
12029138
12058945
12806630
17607065
13612700
14705018
25323813
11036213
21684038
16915368
17664069
18850536
13792403
9016286
14573438
26534277
26275543
21934960
17531249
12610175
13925548
19458241
9844912
10542533
16912268
16527515
17693439
8193797
8483123
13935264
14583314
21351037
15889592
16257103
17809020
17888423
8363978
9300835
20265511
26180160
16343991
11699590
17625004
17444218
13342827
8349843
15318462
20667855
15729382
11126941
22989273
13259986
19060305
18869640
14884556
9715313
22426524
16775564
12095387
7844611
8399645
9125644
9487757
15936211
16324566
11766277
12291016
18526322
13165415
19898332
19877487
15809267
10592295
16692160
17672573
12311287
13683985
8254094
19988621
21231543
15680311
11358696
17941250
12159665
13048177
19442845
14207921
10283199
15381223
21496206
17743730
18752927
13625781
14066788
14999864
10206911
16554330
16663851
17412387
17929166
13667622
19053066
20113942
10536583
16666288
11429662
21768862
17758285
29306685
24072636
25073732
21018474
11289392
11004601
17411151
18124028
18487128
19512157
19887972
10692001
9954490
29540727
30384818
25212501
10592113
20909405
11736131
16936334
17650755
8324912
18620210
14018488
20497049
21099905
32832157
27851341
17974155
12962400
24350223
24419972
20090377
10775506
10399362
17370234
17248590
27599487
13153061
23686733
15015035
9539630
26824565
27044138
17760370
17053774
23272425
18715316
14609241
10027768
20954699
15315929
6033882
12347055
12407608
7769574
13028320
9306917
9642662
15010938
15730689
11776654
11594978
17380597
13023351
7825628
9169670
9267647
20234159
25857935
21085223
6451997
16562997
7710921
13595205
13702775
14115966
5147428
15466583
10614439
6551896
7070299
7756761
13247955
3972333
3646483
15022767
10535477
20745926
6204396
12268773
13362151
8253235
8513066
4100499
4238852
15746923
10952673
11582507
17759766
13713845
19091139
24498537
20091118
10663421
10644353
21990829
17771632
12762840
34964429
29999468
40275060
20663197
15825379
10723151
6242120
27655638
22934089
23336153
24543189
9176105
19253835
10465025
10256787
11697064
12239327
22725843
24420825
19621021
13973231
10018503
5368516
21230035
22298713
23608336
13757805
9755821
15847910
16037676
21163002
22258493
12875520
12977998
9021604
20174407
10447435
11231204
23360357
17895553
18054360
19222257
10120135
9660558
11041059
16132744
12018590
22436260
18719545
14260021
14557371
10222186
10628618
21324322
16838433
12729266
23220560
8763219
19668938
15556839
15202609
11183098
11402963
17601155
13282784
8276400
19628841
14759909
15135470
16199466
22677634
22726669
13809618
13722504
14488250
21144911
20830807
16677967
12613321
12596058
13173846
25160251
30477072
10510552
21260067
11516121
22049529
22797748
19148600
29447903
20291428
16012365
10299234
11170660
12476956
22706478
18402842
9435265
15740689
21245277
11601542
12242315
17641197
18415318
9063292
20404619
21024435
20917854
16488468
12062248
12324571
29352631
19944750
9149248
19691918
15970671
16497009
12311832
12769190
13738968
14447797
20676255
24955416
20623039
21784222
12440309
12309544
18522000
19592742
14498064
14548554
20929054
11197618
17026375
12095153
23601852
24605499
9224763
19587745
10336672
11394467
22452119
22475604
13223919
23514277
8850318
15240939
20351031
21368526
21486111
11748803
12805150
9241889
8724884
15302435
20376034
21449709
12136133
11728090
23675868
19017737
19056865
9729060
20366533
21325298
22290812
16949900
12778142
18839453
18954116
20424974
20236325
21351203
12068367
11402298
17882817
18223202
19068196
9728621
20357541
11538051
12465820
12964941
14136450
19222578
19951653
20759927
21833583
22098215
28507515
18639009
13810423
9363986
9634819
10665661
16207981
22466194
18069881
13281696
18501430
19844407
20659042
20350904
26633456
22238078
22918443
17812875
19038050
13831382
14634045
15165159
26449879
21532952
11782570
18245198
18401973
19930800
10148669
9884755
16227148
11348020
21648017
12821919
18908824
24818346
25392937
25859660
20931495
11682350
11481957
18721123
8528326
18705679
9324731
14828093
10215268
16791377
17121115
28475887
8573524
18902590
8252486
20508044
21570541
21414168
12179676
11975290
23398270
19103251
19442410
9855031
15085179
27550556
27742021
22878135
17971605
13801875
15009910
14431178
21486860
32033275
22462217
22532532
13370426
13450153
8639891
15223653
15345220
11079193
21980788
27676683
18562458
13342678
8993916
14542050
20377343
11367548
21636490
17251245
18071537
8704189
8762149
14331992
20487702
16093087
11269799
12168051
18140894
24496907
24879261
24867240
20561974
21475691
16241578
17576653
23443140
19078242
13884301
14470711
15635873
16312290
10830861
11805280
18189637
23773927
19513899
19763274
25839642
20615737
16539937
17121154
27819655
12911615
13965607
8828793
30306218
20693114
21954717
17188829
12131404
23807697
29894421
24584340
19859298
20777418
11165497
16958015
17056175
18181452
19619090
19596410
19614112
9916468
11160408
17702612
28737775
28992194
14495745
24753208
8977016
15706790
16103891
16090516
17769682
12906937
23596452
19799635
20437299
10765517
17239288
17316189
12639427
18054718
19675575
14705815
20850771
11455749
16352183
12176640
12280648
14054817
14709789
19441724
20707968
11273451
11504044
17868559
23954006
18928286
9880678
10122812
11859438
21940285
18032429
28471632
18811508
9008235
9425034
10791869
21165908
17216084
17413525
12458403
19551010
19926084
19786495
20244093
10379474
17080539
22983255
18248047
18725668
13733487
15014112
10780012
21249376
16943690
11889900
12912211
24619532
14640799
14850492
10475391
15898244
11761234
22268814
29302183
23827837
24214229
14917795
10001790
16727006
11449909
16929503
17824555
13871429
14171518
19378186
15297713
15596553
12002118
12469725
18416775
18419184
19119512
9843160
9833298
10496515
16053565
16603388
23964036
19109520
14040341
19667733
15414967
15252250
16742298
17451926
17953515
18149622
19638957
14644790
9622700
15782824
16170552
12398095
18170822
18349591
19496810
19247246
20859158
16046396
12424478
22435031
17937118
24330934
24414647
19504440
25104381
20965572
11863951
11685676
17432237
23111684
18746227
9516287
20512808
15810452
10862338
12238227
17852852
13618933
19350032
25281937
20009306
21367381
16430966
26499959
12667618
18146587
18396979
19887659
10561914
21090567
10985417
21994347
17625839
12873068
14100205
25391080
15669376
10613239
21544463
17360145
12057297
18745614
18655536
14608040
20135625
15627620
10913307
16494095
12389899
18074888
19217862
14143444
9641388
15456887
15957706
12229533
16998910
23339423
19512764
14562371
15898941
15235353
21462054
21855583
12616160
22882199
19030800
25227488
19775626
10537153
10711726
16370720
17294515
13478495
19782329
30241930
15450916
10149137
26603242
27294034
17907064
12804226
14282761
14778534
19941058
15568039
16928753
16929025
17572125
18864328
24075437
25248784
35577338
26488254
26168172
27469594
33761876
24357195
18887469
14515001
20224816
16275598
16178745
11677823
17792558
12869422
18793544
19966696
30236884
16091776
16151961
26449791
17714673
18192713
39917646
45764152
26351253
36488970
21113318
16623041
11580568
18299861
30818143
41071460
11088155
21437581
16746694
11790742
22457020
28382253
18940538
19060906
20077886
11565480
26466494
17584981
12352972
19109917
19843042
19891195
16144793
16286583
17413445
22188263
28664985
19232802
19086420
14811546
20648642
15579631
16543665
17566619
17872225
18525903
19841996
14554277
10327453
16160391
21894976
16729374
17323501
18898484
25381571
19670160
10438875
26714566
27510400
17888044
23267285
18655727
19945531
25430229
15838204
26131481
16732253
23171380
23131621
18825921
19026798
14486178
20260152
21070338
16829667
11835499
12541588
24085561
19992142
19805107
14799816
15778840
27445257
18075798
12574293
13771275
19841398
20130435
10753248
10586744
16870707
17606503
17767109
23292817
18879837
20006324
20771735
15430580
16685156
17233351
17767242
24379208
25134900
19894550
15808276
10541641
21474986
22253083
23623399
23530554
19269514
14814968
21130945
15673458
16416333
16778973
12453411
24416346
18983495
14296784
15746449
15795289
22313195
17959470
12800901
13801223
19864449
25338919
16044450
26290112
11025483
17381106
23254542
23911357
18745707
20325458
20973132
15932424
105246381
95930620
86345799
81071973
75704807
16100732
46292422
66414617
26537509
56679170
36965549
16409813
28293497
23044626
18887856
13529871
29758395
30792966
25853468
16603339
27192563
23449979
13930777
24563324
29869269
20043098
20847123
16480235
27290820
17854788
14113636
14497735
24852334
19825413
21033485
16671131
22186342
22804112
18498908
13619024
14088652
14386660
15195779
21688069
17107687
17267701
17804083
18796460
14478913
19667359
20661281
21503959
16205643
17500933
17287761
13347683
14496437
14398842
15498928
16337867
16331618
22604615
18676806
28954136
13442405
14175502
20767374
21314817
26752857
22562959
17215474
18294556
18382727
25633320
15418862
25944018
16302015
22064238
27665571
28704725
19258561
14002832
20490109
25712816
15912753
33431115
35049375
29573958
20327883
20275780
15553961
26872010
33099738
27679381
18840128
29073232
19280263
19987727
25346356
37144283
33120346
27908190
18423298
18821705
13972613
20031368
25559990
16923563
22585823
28514552
23510832
18635001
19998052
20032827
15569081
17173356
27659740
23033287
23327952
14015144
13907982
26055476
26369247
21562122
16709690
28749343
23334956
18663974
14782890
20544126
20791551
16338592
17442292
12671291
18488002
24577304
19806213
14820837
15924341
26422736
21701651
17832148
12519462
23974371
19187348
15142616
14933941
16349793
17175730
23093078
17717233
13169658
19769077
19565983
20826203
16593454
22194319
17850734
12309606
24321244
25027542
19663224
15618409
15593578
17424316
17409961
17224879
24959589
29303347
19502530
15486381
15763769
21683384
12649391
22921493
13323889
19639845
19294429
15352208
17342349
17492149
12377323
17965455
23984080
24638176
20386473
15304062
16240498
22646609
22626358
18596913
18790682
13988562
15034216
20482674
21382026
17105885
17921619
18455084
28761525
19294237
15308544
15853683
21999887
17274824
12074484
28114613
24220700
18888759
14625904
15569734
21069885
22177360
17074932
18506696
17953207
19357108
19459123
15018096
21619806
22350852
22674777
18318999
13586499
18713260
25201734
25513449
21625177
11929790
16913125
23728216
14019622
24269734
14767822
25355306
25958275
11758005
22019821
17053776
23152457
23886649
19742738
15157907
15659369
22085346
21667755
17600538
18129033
29515463
19827434
14612993
21377527
21427790
16887081
12829499
23453281
18921150
14678321
14492740
20403966
15960021
22258219
22452745
12576708
19021667
19781571
14249120
15755106
16259792
22025895
17909315
18048383
19033342
19011486
20114287
20287984
21448011
16466416
22879143
18525478
18459028
18997973
15473935
26073432
21137263
11243588
21805487
18430035
18898066
14069264
14498110
20717622
16767802
27041670
11586349
17860936
17971170
18653773
25230004
19857194
15339995
11203503
22677399
22787800
18542219
13544420
14506463
26469439
26254727
22158821
16827981
18186776
23239599
19265024
15034225
15488069
26697832
21989628
16944066
12086315
17919789
18787458
14311791
20313611
21393197
16343131
16467126
23082857
18676992
14029015
14292961
25498016
15742027
26565663
11331048
17139649
17981784
13603786
19138437
20451320
21250120
16289368
16508635
17460802
17617409
18743283
14096262
20121854
20914356
20714889
16475484
17552405
17646050
18404108
25214668
25248347
15762333
15727798
17044120
16660323
17496374
19063630
19277963
20169016
15994549
20941100
22269682
17703851
12784511
18596035
18738733
20162953
14480203
20934020
21937383
17278555
12455473
18624665
18695281
14059833
14609181
21075650
21386470
17305749
13254959
18804404
19561277
13879294
15147619
21041339
16415001
11049898
23153084
23981038
18659650
14495262
15463058
21110274
12100599
22428795
12700892
18538538
13832956
13567886
20373441
20874630
21930656
17036639
17583180
17947697
18884620
14432216
14322338
21460189
21743237
16492186
11444884
17643903
18513058
20170538
14567834
15590835
16737758
16665251
11628122
17880697
18842750
19659157
14520128
21249182
21852484
16266149
12401192
17622522
18402598
19738394
19889004
14910458
16508764
16510112
17773024
17870833
18875577
13550286
14575708
20709554
20613624
16790313
17056800
17346243
24000603
18828010
20102542
21228115
16217754
11277944
17523467
22935852
13709985
23981743
13978125
20654237
21593639
16642218
16850184
17376900
18465660
24266375
20175398
26369591
26377886
17220458
11391012
17698870
24380994
24179513
25437967
20739167
15297283
11093686
17015654
17601938
18630175
13402429
20528354
25354728
11123629
21397247
11279000
17530178
18614628
19641533
25134717
20806633
15180215
11290789
22436196
17773410
13051572
18618997
25109359
19783312
15270095
10827697
16935518
17381969
18240905
18476878
19295621
25930630
20918993
15304899
11662757
17531738
18620457
12820019
24792419
19791265
15536802
15711442
17028215
23384412
22965362
19044662
13667075
20593834
20536966
15872159
10931385
17206706
23563554
18972870
19235870
14271108
20641266
26823568
27292733
17779652
12863346
13278426
24728948
20034505
10630461
10630206
16623203
16813820
17785480
19351980
19539016
19681454
20659431
16028122
21339934
22391255
17955654
13131465
13933075
20098256
15107392
15897577
16234400
16750826
22892943
28714144
24942845
19426100
14595422
16506327
16063645
17240012
17531492
13039269
13596606
19999524
14639801
11074794
16517348
22370741
18039348
12941557
14414451
14711905
31137823
26650921
21630531
17337510
12431709
17881550
19012249
14904259
14957690
21328851
21304140
17073041
12021715
13523533
18276894
19503010
14793766
25816549
16328557
11592022
17723609
23032694
18282654
14821886
14867631
21648350
21271863
12083269
12399793
18041589
24042127
20088218
15013627
16017366
21367516
16088653
17596367
17797347
18689024
25084997
15207129
25608853
10715899
27237715
22502052
17865420
19042041
24627430
20156225
14854512
16542926
21797470
16742142
17905390
18021270
18834513
14914013
10563075
21230682
22044051
12473915
23413211
24056048
14559297
14803938
20206143
21708095
16168381
11915660
23403254
24346764
20083969
14704988
10582443
16225833
16826013
22327501
18315127
28763343
13777051
14585852
21095628
11049726
21350350
12142684
18112405
18933367
14192900
15026094
16092787
21293355
16247651
22409350
23644415
18970704
13997646
20059688
26630931
11173166
21493929
17533937
18277150
19069625
19402243
14927145
15053942
21318510
17072361
17031375
18284584
14186414
24357331
14845320
14989539
21427482
22717463
17682340
19018785
19376926
20639681
15174344
16321080
22375107
17693967
12641814
24392583
19518727
19633846
10334106
21563395
12242479
22696741
12828007
19321999
18967403
20137356
15138517
21763952
16834291
12131345
13364802
19076130
19946898
14867547
15128571
16458434
12252759
22343749
13181078
24136788
20202132
14827444
15104549
16460803
16828602
18048445
18164429
24829077
19344811
14789128
10717009
21766215
21646110
17443062
12401309
19089426
19163761
20342095
14928753
16153998
16965545
17314745
18367097
13117464
19465724
20374672
16432698
26642875
11571219
17394008
23727136
19610094
14283745
15444315
15196930
16229174
21966553
12580932
13033285
18325479
19872799
15072413
20628035
26953430
17279388
12418801
18403437
23955245
24538738
20535982
15205005
11085119
16273273
17302544
18370524
19404787
14357015
15174899
16287372
16292443
16396801
12180542
12798321
18481015
19237504
14926362
20691372
21609888
16879680
12219360
18343756
24494389
20335091
15492599
15107893
16372184
16921254
12871134
18466809
18615603
18908227
14767858
21648901
16413187
17038932
17444762
18167205
13202001
14168195
26004604
21284571
16282343
11054426
12349582
23331807
29330025
19807562
15208790
10886022
16703142
17040729
17198994
18347393
23972762
19692485
15326355
15067871
21740872
22650549
17819601
13624538
14007013
19015049
20177353
15083799
16375252
21947913
23254090
23873140
18325553
14202243
15044849
21789624
16404526
12189569
17606463
18554394
14005219
14195495
20590385
21440705
16461218
11290987
22700820
23627543
19183863
14314473
25612592
26844995
21596597
16441393
12407514
18575846
19157493
14024554
15078624
21033639
16240664
11127124
17473928
23574640
19792990
14376950
15403615
16455204
16367794
16502248
17401472
18553384
13095866
13954298
25859194
11137513
21455496
11971881
23150792
18036381
13762060
14090443
20177200
21318516
15837405
11912764
23643585
23303399
19334397
14993310
14720247
21037056
16790269
11775403
23593055
23308152
18696470
14568077
14365466
15658497
16697421
16874559
12799842
23165903
18957341
14175839
10160764
21581612
11567429
21837821
12482434
12641961
19580904
19522083
10487424
15886190
16518148
17264401
12014272
18604787
19471876
15082596
15192107
16062187
16015482
11659886
23494117
23914704
19138685
14169102
20388353
21136227
11383548
12029180
18022180
19030455
13632328
14064307
20352703
15961670
11149907
11920805
23198753
18016583
13374164
14541820
19936132
26252461
17028175
11792026
12575417
19200881
18772816
9455155
9556975
15392907
16788456
17645163
12627935
18655106
18752222
14466977
10249439
20972310
16638174
16767086
17470703
13717398
13410659
8923804
20261510
10576385
11157019
12027034
18192461
18503251
14304168
9177452
9742929
20930336
21787608
12478947
13087743
18821902
24912528
24908990
15457401
10833981
10960137
17403517
13013324
12856916
24795703
9997229
20329702
10917403
22123549
22468843
13051330
12819874
19191389
15076017
9844521
10780952
16625326
16517025
12473862
18175431
24537133
19829302
10834569
21369690
12098839
12995468
12963793
8823668
13696316
15095642
10686453
16543618
17424486
18323242
13762759
19849649
20992195
15145501
11541083
17803623
17772311
18890743
13719534
9640025
21432297
16271073
11806160
22765162
18190328
14052106
14131021
10442930
21710954
16541202
12130822
13697520
19882676
19700822
15906123
10684415
11295977
17701620
12618419
13421379
19165692
20226504
16051571
11043970
17155166
23480733
18243301
14373150
15230470
21572505
16352443
11409863
12338606
18104370
19882108
14177762
15759599
22151262
21992627
12676994
12833378
19065942
19888191
15671370
16608849
17298942
17207124
13258827
13985845
19751408
20443640
15954139
16261404
22579870
18803288
18731675
14057913
25515861
20648600
16505056
21822860
12464313
13327641
19192512
20518608
26486061
21213926
16866019
12485430
12522223
19178109
14612013
15510742
26496225
22065430
17920184
12981999
14280641
20272100
14925218
16714667
27168609
17432826
13128499
13566838
24362426
20724872
21143646
16470691
17347708
17598323
13486260
18808623
19863895
15442527
15833208
22480668
23413662
14100908
13629459
19873854
20665071
21655885
21900239
17654508
23051824
24169298
18334937
14417068
20669743
26996562
21250485
17155695
12875635
18548430
19052954
20259608
14812935
21413298
16152202
17433885
22318322
29109742
19778052
14281157
14932695
26701815
22200467
16660150
12893104
18525502
24420745
19886246
14667402
15866277
21991891
16753237
12496156
18134124
14682210
14432636
15513821
21847967
16213028
12607128
17867829
18502200
14255867
14436192
26235834
26688930
21682621
17419586
12165536
13288192
19134537
20320190
14651907
16108936
21347948
12013394
11884740
23601275
18824253
14468817
14865956
26273443
27573653
22467057
17848280
12752768
13714774
19634379
15558736
11172235
16784091
16834217
23388403
18873331
13274795
19774959
20624177
11394630
21710723
12653720
18244261
18473552
13950421
15233916
20835791
11068229
21400010
12296650
23544317
24374572
19404074
15283198
10710673
15927925
11584052
11597508
18432833
24007994
19423251
15018167
10679996
16437460
22873488
22806955
18210054
14037213
14590188
14862485
21248281
16044154
17327104
12828361
13702508
14643071
20097687
20048800
10709183
10953681
17504623
18677928
14086943
14681839
24924142
20436881
16305649
16487051
12651003
13375667
13271001
13639767
15421269
25887357
11044696
16469978
23171614
18462640
13612891
14496539
15392315
21397078
21947527
17707659
12591179
12807137
14136867
20480477
20504224
11155461
11374591
11751795
12257623
19541961
25172120
25031733
15649488
10993566
21833395
23152643
23158251
13729865
14328664
15286941
20724416
11615826
21893095
12497834
18031641
23901703
19491847
15246696
15735390
22124506
17649469
12307738
13922705
24962355
19607612
20568995
20763539
16663523
11414633
12659835
23137286
13669385
15033395
26441295
20823531
16631777
22151703
23523086
18317083
14221953
16133165
25855368
21982736
16918933
12251402
17869534
18388046
19509434
14616175
15513713
21856719
16426666
12009794
18421642
18603583
14157899
16217731
26377725
21781634
12314377
12561419
18359548
24467362
19327301
15224746
15875861
11631897
12117894
17887161
18735937
19818547
14472346
15691820
21277746
16810189
11466806
17954332
24735524
19875601
14605424
21033155
26540840
22180041
12633552
12771618
18973666
20120399
15336075
15561941
16845725
21980481
18158718
13595373
13525371
19670062
20809170
15366028
11417560
11298682
17439716
18599707
13280601
15539661
19942982
15670605
11238001
22410525
17819405
13615828
19030076
19663111
15826136
15968662
22327338
23174206
17951942
13658860
19793693
21089761
15531104
15771432
22091738
23205711
17974432
13706502
25081387
26205725
20802049
11610439
17299143
17813791
13254836
13575881
20034364
20677783
15517549
11500071
11495318
17746719
18756904
13304632
14557361
14528821
20511993
16405518
11315401
12813745
18825035
13180728
14108359
25155157
25995146
16749107
27051895
12827289
18791485
18535647
14180403
15382199
20673538
21684513
12495918
12065615
12886386
19228725
13836062
15306652
15303009
21661232
17535522
12421579
12998293
19296539
19442028
15037539
10795238
10735165
22720579
17262712
12671430
13895423
25370709
20359402
16083102
11075527
17785695
18286204
12812118
13907055
84211788
90679249
70983467
81400327
61663363
51363413
61685907
41802533
41482840
32171091
22944372
13101760
33291445
24175253
30139880
24636592
15370859
42264152
32620741
27381801
18237371
18209303
35414848
25862027
35986972
21259265
21001392
17658201
13307749
23299738
19757457
29833138
15360226
15451639
21311153
21835314
23882445
34390678
24923306
15392449
26123025
26776615
21025819
16501321
12264100
29024996
29439175
19911268
19754785
27230137
26516958
22293963
22614806
13239009
13797289
14159868
21106432
26033324
16879106
16563676
12727706
12741323
13588215
14363688
25139594
26498091
17205279
16667472
12442106
13719483
13352752
35624124
26205550
21165148
16842711
11526572
11915807
17664589
13072893
14804997
20029936
21265346
16320623
16241133
12853336
18078385
24176505
15223562
25518569
15867403
16687787
11372499
17456840
13505777
13845315
20473615
15870229
15561934
22200443
22099223
12948886
12608867
19744180
24835800
15365213
26690566
26661046
21665367
12310530
13859457
13486623
14113797
19883788
21036568
16362922
17976653
17756319
18021091
19767859
24965028
21127355
20377549
16894564
18283902
27823227
24400130
19574657
19388377
15477731
37945552
32621861
23309685
23217538
14027347
19973801
14886675
25029325
26023301
32332291
23389109
13983773
34034442
14864565
30672083
25346264
21259314
11947667
22051904
28663069
29510687
20079144
30369522
14773418
21949153
26806646
28097297
28128255
29325945
30010526
20614742
31239571
21516006
12214159
16933957
23056677
18560581
19637732
19423596
32093212
32808810
17289466
27689867
13302269
19734839
19445006
14301606
21709576
22924804
17226503
12152843
18780125
18919983
14237323
26550228
26078315
21260917
17234287
12061869
22795977
18691516
14403154
15809603
21257778
16591650
16709627
13444173
23660703
13838370
15676434
21234445
20982318
16995169
17498671
13318031
23995577
13753649
20610764
20008396
15616080
17708580
12772252
23061980
13503846
14544053
20605643
15116023
15702089
17367351
12031337
12110154
18806991
18696298
13873941
14847369
21638141
16418517
17035864
18317709
14652885
13683729
14346081
21727990
15610978
16488316
12890947
23034278
13683655
20099904
25811215
20446869
15848937
17723744
12673441
12557439
13552078
19553345
20705679
14574222
16080438
18037979
22793234
18718620
13590770
15212064
15625846
16591671
21123498
16247288
12508834
18821021
13828181
14423931
15713852
21808919
21363295
22030178
12651105
12724051
20321871
24524026
19870220
15668075
16687843
17694611
12346522
12740781
14462322
14472265
15266351
16071532
16082596
16702543
13008818
12688164
13631140
25225170
20802777
15967936
17047239
28452766
18659582
12748364
14757651
20364536
20296630
15979122
16116657
28028846
18836805
13835302
19362316
14549628
20530257
15809097
17008152
17962090
12857217
23539523
13951188
20615472
15585213
16112310
27001033
17321737
12956071
13095835
20485573
21048174
15321951
21256132
27605084
22555748
13128235
19338259
25631055
20411927
20336942
21233816
17608560
28201480
19004409
13936648
14958376
20226309
26334004
27387697
22032089
22798440
13539147
12942259
29774827
31359957
22172599
21474999
29068287
27727556
13106022
23561557
14158900
20981813
31739590
31440553
27505643
23290969
18254410
18334529
24783395
25050350
20103448
21033473
22228072
27831229
13055020
23406210
13744287
21088737
20119774
15749258
16777012
22170786
17059599
18125355
18984827
13680211
15575535
15882736
17438410
22866987
18666003
12573560
19433171
19587911
14994234
26859922
26739785
22540839
18094415
12587061
19468755
19400121
14554269
14531585
21150351
11381415
12245073
22533973
18791765
13126126
14909156
26151351
21078765
15929107
17699747
17041815
13493951
19296716
18893142
14612496
10796022
26734727
12223480
22448878
13236384
19362014
14748608
14689473
15981962
15900809
16103328
12173564
23373502
23782925
14175468
14230905
16081049
16070894
17445655
16984359
17326671
18301881
13206851
26386342
25899605
16512854
16499403
23688271
27944599
18045926
19277972
14518812
15519347
11212793
11186584
17726417
13088730
24619427
19192828
15379049
25796321
21409492
12059968
32128723
11826714
13318860
20013460
19157235
14791814
15344111
23100492
17824305
17408941
18904637
18963476
16230293
15896579
16634875
16078569
12389341
22857135
13494035
19598874
19744456
20910539
15935741
27416613
18257902
18964406
19008515
13811590
14897792
16078869
16122871
17848204
27963398
18527926
13582135
18780238
15078665
15675575
16290493
16735100
17824497
18690687
19383611
14098549
15558995
19972971
16035444
17395594
12243047
19316095
19446407
13880206
20464490
25494172
21434699
17302073
12010258
17793268
18400514
29898749
25811932
16380627
16063277
16463824
18453667
17500780
19083282
14382683
14645078
26527363
21464686
16427707
17649976
23963500
13970300
13895823
15289526
16194331
21732781
16604625
17290653
13370940
24537012
19234443
14857566
15056407
22030322
17167990
17206869
19124630
18436006
19534279
14812046
21110147
16092261
17772412
23416607
18527241
18885569
14817736
21085555
15966310
26840276
12841805
22848705
18155628
13690465
25716862
19513801
20125441
21593146
16997629
17369919
19303376
18480647
14364936
14972221
25481164
22175253
12792932
23395673
19503287
19391462
14504836
24770806
25993174
16775415
16198257
13014882
19002012
19728112
20069496
15257999
20442022
16945522
12068735
18345183
24115029
14367545
14619919
25063374
20693931
16327390
16225188
28584517
18866993
13457209
25593552
20623796
15939657
22498068
27487202
17532948
12964033
19543313
19596504
14667300
26400261
26815611
17480997
11931211
24785409
19216577
14072043
16281480
16306316
21108714
17733419
17376717
23966639
29125637
19419261
15333999
15847911
17386918
16886240
18324940
19422681
19246608
13986926
15687334
21543305
16374181
18132562
33327355
24031514
14367027
13827904
20885466
31213078
21478384
22746048
18383404
28399466
14057676
19397041
25874562
20600813
15562816
16593429
17358163
18339812
14261912
13778862
20052328
16455404
26476299
17748555
23014754
18217729
14006641
14721083
16173754
26554297
21655472
17112901
12838469
23827303
19658972
19073280
15265086
26194301
22080951
17509077
22675921
18565878
19865278
19084927
16040296
16407150
16176732
33853782
28211480
18742633
18784637
19659667
19866069
16094619
16050923
12495273
23132516
13479204
14115488
25368438
20187406
16137242
16390535
17407931
18055161
18007613
24577326
30283171
20823037
15836500
16999164
23125822
17948790
18897607
29699816
30197637
21003952
15252977
16601100
17190908
13625215
14170124
20462812
15828977
16610994
22823248
18694623
12685538
25475225
25039264
15412970
15441685
27950095
22125015
16791577
18028600
19525992
14725327
20275683
16111717
26121982
16800019
19125640
18492616
19154021
19302857
26680898
26727864
21265740
16629441
17361122
23965730
14050788
24534585
14784585
27360744
27290532
17318534
17303257
29134910
23720754
13884431
14763695
25746810
15992040
17251918
22974104
18108907
13929167
20818034
25743572
16155887
16732598
23132121
17562601
12993572
14026637
19597521
20194825
16109883
15926005
17187873
27291163
12885850
29127861
15106958
25388617
15995500
21828122
16620233
12193231
28540495
19392269
19120971
15752666
20906954
15998456
12052308
22812103
18127403
13715021
15216492
19996202
21388122
16342832
23225232
23334920
18339908
14020180
19885514
25652854
16357317
15595572
22735525
22762317
12777380
13792443
20496745
20521307
16147549
16008599
28248008
18883053
18112138
19258139
14507232
20677710
20955564
15826138
18093587
23220678
18292666
14180936
24739499
15496979
16736854
17005349
27299331
17382061
13818483
23909157
19175655
14904856
15346987
22924628
17366831
17026351
18320867
14634417
24886486
15247653
31147384
21702502
17046561
11971639
19437795
19268671
14163888
20523339
21710649
16055413
23585802
23255800
18912528
13278278
15499360
15989478
16970040
27194592
12628429
18919854
18376972
14260584
19564711
15020338
25489399
17042211
18132808
17864300
18150930
19404004
14701664
15718104
15979638
21272465
17219119
17226490
19376729
18550562
13677108
15259091
17033826
27769782
17797003
12402645
13514994
23775400
14038439
15426506
26590532
16718449
11896289
12993231
24712799
24487071
19518906
15198066
15761977
26731595
17363576
28003040
18335497
24411553
29845829
20200171
21491384
16352360
17668930
28005630
17739815
29693928
29886068
19944680
16672906
16928034
28144946
27691114
18140416
19745463
25137469
30166010
25942034
16976613
27273994
17793221
19312326
29444770
18971704
31170323
26887779
16916698
17138470
16745179
18147154
18698515
24058358
30393760
26243657
16566466
16823429
16993406
23571378
24852398
19093323
20476244
15090327
16596861
22097641
18152104
18234024
14488035
19470766
14924807
21476481
21569499
17027244
11934208
19172495
18996481
13938857
20953497
26965134
22311167
17485506
24515911
29040534
30200528
20630630
20509639
16119702
16429637
22220138
17093559
13051261
20002422
20154920
20814760
16332875
22202726
22826604
13360471
13385246
25250174
20025313
20837318
16463264
17293506
23144732
13649932
13331444
30894523
25359331
21033359
15555867
17180089
28363314
13137896
23406270
13638635
25350045
25901507
20940682
16670103
22347200
23084177
18525860
14669318
21064548
20437909
27265005
22330600
17433054
13524399
19855513
25079880
19940236
21124906
16660009
23131033
17461542
13454949
13791125
14190567
15763564
25953256
22782919
17012033
17810309
18379152
18934331
15622044
14577065
26196022
32221634
22324289
17868404
12562918
30033301
20884753
15244102
16275029
27152544
17982872
12714064
24762214
19573736
14814437
16314178
31375362
26717651
17249648
12777551
25071823
19060397
14413569
15856616
21796617
17237682
17143062
24088150
18590959
26605895
20734562
15640570
18312483
22667016
18663775
13262480
14484946
15331961
16664954
16752101
22875064
29479842
19603819
13844659
14972478
21452364
15535887
18049331
33481214
23756550
19006240
13775514
20290524
20890955
16287336
21677573
17525782
17814141
13866494
14973058
15293758
26644898
16652316
17251615
24008845
17805487
19032887
19508291
14140617
22490344
21188538
16592285
17278657
13394407
23581271
13759572
15553349
20625104
21589225
16896424
12893909
19466214
18437227
19167788
15992140
21840650
17024075
17894823
17764905
12671514
13602751
14777221
14885498
14811461
22156160
16808173
16909917
29006793
19363103
18932847
20055897
15980905
21793470
16794857
17452286
28606470
19556073
13592121
25497958
25210143
21943810
17342573
18289378
24344200
19073570
13699072
15231771
27528066
22227040
16844328
17883435
13816776
23888908
13147119
15369403
16449522
26920024
17088505
18890106
18871216
13662815
25188363
25903891
16010099
15900927
18091800
12775598
12737596
20085736
14731419
25878973
16191504
17875841
26631290
18629693
28814380
13697466
20333914
20439926
16025620
17440185
22262763
17366969
18779141
13984716
20322152
14739506
15581137
21984488
27160355
23408029
13741493
13737048
25450826
20105519
15620955
16845825
22736855
18444061
18937590
13600485
13679059
25518666
15868066
15827346
23031486
22730850
13028326
13570853
30200638
20703821
15934454
16932526
27791946
23139607
17782347
13259884
25891100
16101704
15390020
22290125
22255030
17832812
18520178
20193670
20619538
15241873
27268519
26841728
17122804
13206976
29832377
24498249
15086801
14860481
26808382
27526105
22509637
18191034
19068102
19007140
15188538
20844598
26655241
17136157
17096852
18698789
18457111
13715387
20999513
25281140
15731173
16158989
22852690
18801031
14727728
19628873
15692547
14560156
21821230
21574689
17078623
17660956
19849902
14603935
20011050
26261958
20900596
17012024
16969472
14074665
19872959
14696425
15395703
16130489
15762273
16341315
23089294
24454633
18320293
13552332
15926029
15644135
16551308
16988168
17906608
18948076
14396246
18968403
14734903
15514875
26432739
22503971
17045455
24289181
23942155
14030816
14543479
21405920
15920745
16869934
27888269
18040719
19037119
20193327
20520095
16770685
21140149
16648842
17502148
29461367
14070667
24221781
14786635
21031081
16105848
17030090
28119455
18613408
18207149
25041587
35192023
20359581
15862120
17880402
28106742
12858239
23932798
14780893
21235999
31367254
15276555
26740608
28692011
22935721
13585053
14038599
14999601
25553811
15950476
17901515
28074677
18135764
19653855
29835976
14672211
20759016
21889262
16825431
22700203
23500744
18409976
13647220
35637461
26130702
20506894
17841514
22858790
18641518
14230108
24780573
15116685
25630836
16478937
16731684
22727530
18424498
13719729
19636193
25858542
21122830
15995852
17367813
22598572
22940691
19051516
13766115
16115896
15827400
15593297
27614221
22297228
17728415
13526986
19305730
19971663
15695823
15869843
27109164
18223007
28599257
13013291
25803186
25209291
16750455
21450212
16943308
12505234
23684779
20128247
14868894
16144682
26786315
27330841
23680658
17885314
13538496
24264506
19892168
14982550
22201366
22099986
17779142
12649408
23654890
19184236
14736285
15036213
21821887
22164656
16709872
23585477
19302009
29893719
14788189
15078031
21872700
22244832
13104283
18623095
18292885
19772552
20496508
20989839
16049281
18074245
13293924
23437638
13423792
25016474
15871394
14895367
27007597
22021688
16441619
17850229
28901477
24785946
20522436
16009467
26751730
22283788
12993413
12883502
18560537
25115960
15307831
15779248
26483358
17441222
17731484
18721142
18117017
13679991
20627660
21795565
22091668
16412913
17716281
23916170
18945274
14590946
15264176
31114675
22283073
32484985
17990932
12941190
19694207
13659759
14599156
26316635
26053227
22466917
17653225
18954452
53177664
144385622
144442785
124727964
94804668
134970684
65084996
105155018
75339844
115492463
85539525
64349553
14374858
44578317
24806085
54974508
35215877
15621813
26763696
22262357
23077388
24203205
24476485
20879388
30961663
15829975
31606922
32755608
27768069
18575283
19134714
30023010
30901420
25759241
22316348
16576937
22719182
18786046
29128584
14220770
25295138
21094005
16711643
38247508
34024854
24088179
19374981
14004573
25982205
36195941
16872039
27238724
23519261
28923875
29620322
15101416
25314194
15531976
16066515
22290514
28267706
23062193
18788880
13550583
20251791
25446219
21164961
37950400
28256643
34616555
29298975
20582918
30796066
15236745
32601390
22625768
17483602
18446548
18983577
13609718
25668913
20685467
21862065
21886694
33973912
23981312
18657682
30154576
30499505
21302663
15862429
18073690
33098083
23946110
23571749
14085662
14749882
37101272
31970680
22060899
22738818
17575476
34824390
35482204
26074838
20676605
20774378
27366780
28216499
13704641
23967004
30572105
25660817
25595944
16241473
22237522
28028367
34233601
30110647
40321853
25002534
15198064
16204388
38117003
33418446
29399327
13760441
24039559
36765548
31503024
31726689
22326980
17128493
13095058
24195054
24639808
25096484
20341477
21529379
22206524
33400731
28737591
18964840
19365995
20301362
25655375
26540049
22190982
12595431
12821502
30435103
25207339
20162016
15672125
21954622
16546205
23290492
23336649
18528037
13999412
15323378
21772869
16381431
16943849
18259432
13615781
19489591
18858933
14652362
21387993
16021024
17304896
17201607
18947840
18900701
18887962
20193085
15879644
15727968
16854452
17756964
13099224
14112659
14213259
15082477
15463149
26515136
27736779
13069898
23488675
20180331
19033053
19860154
15287886
21745225
16966789
12671144
18416265
19265742
19396060
15364222
15263438
21369174
17356090
17734148
18556814
13173901
14413095
19411237
15032711
16457724
16738538
13150257
18107657
19052268
14132993
16005205
15693740
15964797
17838157
28099409
23677690
19214590
13919689
21032219
21595223
15998142
21852119
17412028
13073309
13255715
25466379
20425824
20857007
21457762
21637282
17382288
23345394
13744847
14592584
15532326
16034234
16488728
32790530
22890422
18198557
12887616
24562440
16139240
21897476
21762180
17297931
18541629
13538061
19995277
20201305
20255425
21686029
22335494
16743150
24903310
18820759
14140244
20109273
21139148
16703477
17846292
17788241
13446754
18421632
19626766
15128474
20568425
21306176
22374943
22618238
18399772
18660148
13955149
26016844
21332422
15977283
16369284
18089583
18163879
18163878
19341101
20579561
21309380
21288366
17461828
17512987
13476594
29370453
24737463
19927844
15147914
27721053
22560307
17070034
13540622
13988251
29751059
25205691
20724363
15991391
16685057
12902672
17845157
19455230
30025496
19406428
21347241
21482910
22102586
16893859
12956842
18696204
14425698
15102906
15334064
16426735
22699114
17248881
18281734
13983707
14663380
24834933
15971819
16690889
21786082
17058191
23819509
19111906
13881691
15680801
16089984
21564760
22509255
17151777
23828017
18407279
19654977
15101307
15644071
15921599
17457315
11755217
23965463
19296096
19969076
15196703
15649620
16270368
22608871
17127905
23711668
19129541
13784573
15175339
15718801
16255401
16891292
23644540
18075629
19160366
19743139
25393989
21399204
16058685
16681921
18310687
29108312
29607100
24784701
15373012
15217410
27242576
22542600
22369706
18046894
19374779
14296442
15100185
15870230
16094000
22884750
16777051
12796783
19322068
24370566
25618280
20364133
21836656
16962547
11991728
18168406
24318247
29703132
26069335
16206707
15660889
23384237
17727194
17987973
25142291
35308290
19988928
15999357
21264569
22739771
13019754
17969589
13975501
14500941
15839798
15815901
22049054
17038829
12716173
29002686
24094373
19807675
14784214
15619913
17146932
22162537
23128067
18093550
18893463
14221385
15744259
16145024
16658540
16624322
17964149
19372401
18785621
14544347
20929584
20986095
16853168
16718812
17897435
12581880
18500349
19169491
15033313
26303349
26434776
16750637
12430026
12706615
18734839
19619421
20869420
15580470
26918531
22055720
18104968
13525261
19572400
14726151
15660065
15921836
27003506
21950849
12578931
24763229
19272832
14375577
15306634
25757890
21041773
22083776
23243973
17900416
14192765
15066301
20092642
21051723
16097519
17147689
12453934
18962061
18855367
14573934
20486299
15523735
16617942
16606381
13442914
12819529
13664181
14760519
20131725
26066222
21938088
16609501
12906911
28689259
19064711
14609823
15598624
16499641
17011165
16879755
18136166
13366714
19253893
14733428
15473233
16145535
16841332
16640684
12760838
13458074
13469022
14857434
20440325
15928262
16922250
11852004
12442888
13456874
13466282
14972462
14862710
15525413
11778073
22661053
17788649
18646457
19200737
14483952
15872007
16139143
16541197
16828898
18180869
13794837
13947122
14609667
14686024
16066881
17099720
22305423
17302407
13272566
19714690
14578075
14568176
15900815
16704240
17759056
17240433
13507897
18961212
14332864
15625451
15840150
22501925
21801827
12182762
18945591
13846573
14232961
15804326
20737359
22377487
16868310
18326435
12983897
14303078
14484885
25396344
21223253
16219214
11806323
17982781
18545470
13766184
14608484
20906920
20829067
16473468
18161962
12773531
18141434
14008648
14431198
14619403
16191746
16925488
32746968
34189453
18788958
29275395
19836104
25905974
20747214
21952806
17383430
23489143
24402018
14509123
14393117
20381207
20607122
16351895
17176484
23728787
19168014
13419349
24683892
25546063
26066275
16621166
11652846
23836215
23917246
19159514
19940858
20401347
16000689
17427083
12683213
17948761
23719857
29839359
25409520
21015058
21341235
22579197
22242891
28585214
28692073
19249957
14730763
14994461
16080814
17084500
16618867
12755303
13626971
24768466
25033983
20126801
15878661
21759443
21902783
23153862
19044012
13668250
14710292
15483880
16297760
27222346
17719724
17531034
18850161
24887656
20055614
14701781
21350205
12290717
17551187
23294632
18959109
14183019
14377556
14893719
21716133
27343195
22786754
17675021
13907010
19694361
14691137
20787716
16089022
27126303
17791823
18010492
13611241
19148008
13977236
14902617
21442140
16165458
17780505
18578920
13396935
14675500
14584108
14958427
20954990
16661554
16666248
18098041
18654416
19363423
19859633
15495701
26437481
22208571
17062543
23396873
18048057
13210661
20844251
20403324
21073433
26739855
22945986
23529613
24834718
19585314
19704008
20994810
21212524
21823554
16788608
23189176
18240096
18969106
15066096
15566389
16223162
17454594
17222154
17583330
18009445
14456844
14461297
15705280
16431224
16675838
12306972
18567177
13003371
14464588
19487052
14944984
15645850
17256591
22579037
13194782
13913390
14679335
20334367
25685785
21516657
15824821
12240870
23160031
13557956
24390061
14040386
31755974
22028416
16712976
12256758
12816821
18201514
14243812
14659380
15778151
16067015
16946913
12604983
17759987
18780370
14454136
15221980
20402109
26075804
21795682
12769898
12771214
18411416
13756429
15011659
20160449
26280722
22267048
12751614
24364599
18230707
14326715
20543883
15686303
16484173
22108331
22593885
17393304
18417000
13928496
15982632
16424957
15883970
16944363
17413418
13411741
19058426
14748308
15314424
15083913
15919999
11893261
18104190
13661041
13674332
24567219
14979348
14764649
16037582
26768947
23120900
18756975
25230993
25147761
21088298
15633185
11705214
23028508
17415072
13320670
24929590
19674123
15305906
15321407
32892865
23100280
17488996
13144075
24503512
30900594
30990380
22075431
16802542
17843453
18080126
12803640
25892103
24796554
20263729
15785415
17089199
17849099
17597580
13347000
19601954
20028451
15330317
26251087
21751954
17901145
12613400
24050673
25051039
20032277
14914225
27058537
21691649
17616252
12867356
23827798
19939879
14344385
15807959
26408892
26846532
12546165
22864865
13727059
24696077
30456441
21315160
21121596
16828384
17602380
17425272
18695126
25014589
20079299
15579989
15723378
27762803
12324484
23169574
18973245
18965513
19666584
15575384
16843678
26851057
17404280
12246229
19038228
19353062
14471216
21130384
16649632
27204044
12217569
23394062
18787178
14446324
14568912
20368551
26688473
21772848
22460363
18615973
18860653
19676190
19784573
26014184
22239722
16575217
12098086
17641236
18715219
14148200
14806240
20649906
16761642
16746650
17920312
17945130
18652700
14036470
19945074
20790090
16539622
16459886
17665833
12509444
24252859
14734341
25111905
15834709
16176135
27465401
21618496
17778227
13340835
30032247
25524731
16051325
16261256
22718165
22834485
17679983
18968554
24470282
19967547
20243243
16651302
11776229
28176788
23452495
18960789
19281618
20441804
20873155
21068599
22335140
22950136
18077380
23688064
24653899
14766706
15553306
21117342
16529023
12408521
28228799
24526171
14857730
14812195
25466188
21193771
16789352
12281394
23619533
24660931
19595736
15224807
20976359
25945813
21310318
11951371
13265682
18984310
19303396
14307261
15827310
21289282
27600793
22878669
13105596
13104758
19107303
19504368
20962957
16805529
16978024
22893133
23357195
18536281
14281768
14755027
26258183
16541411
16169780
23397291
23174228
18724283
14785427
15043114
21313966
20789952
16198456
17747857
18186555
13252581
30582984
24905990
20440117
16046737
27336172
17955807
28170151
24401919
24015104
19799907
15209892
16924944
22555521
23550249
13963934
13230181
25213252
25062841
15455782
15345732
27889362
28333627
18509348
13247848
30505366
25392965
20579004
16504925
22539632
18255961
28490017
13642381
24595139
19983857
15384575
15895089
27804379
23162811
17150430
12799391
19338902
19813248
15620902
16272282
22775436
17302495
12867887
13310829
18999488
24925068
20689903
15543209
32716542
28226608
18711463
13332467
24293242
20082514
15206916
16134585
16648915
17904354
18772247
14198408
14268093
24855232
26457221
26008794
21654486
17668495
18737101
19245353
19661963
14596475
15536861
16610640
22055242
17536974
12117485
23854640
14796748
14014606
19847187
21524993
16608440
12714073
18096000
24494745
19319270
14316807
21043839
26493836
16664620
12304281
28640447
24059670
14249204
14366502
15626080
20511404
16523784
11588659
18699510
23745903
19186240
20401870
20510100
25821561
32027851
28009166
22990466
13301414
24650015
25443712
20117874
16208991
16888648
27031290
17436981
18803443
25381491
25478093
19940853
15800659
16378841
27485898
17960077
13298422
25037085
24889975
15375246
15555344
21518658
13242961
27965270
19203529
19520315
20283360
15543228
16656509
22479793
23010111
18060653
13855873
15616405
25674060
20482383
15869330
16796572
24220762
18550442
14446086
19566640
25607525
20446668
16523281
12700474
18190050
18101482
19351552
14250328
14679570
21078283
16996679
17024482
23149632
23176840
18544782
14407228
19862204
21034056
16698094
11857580
23086726
17624937
18565418
13644540
25559361
21349775
16624413
17019110
28239708
23559431
18969579
13313957
15070598
31338068
21793911
21955910
12471432
12591413
19121071
20183408
20275160
14878126
15706764
22360485
17731818
17800026
19026293
19333421
19900625
20877355
15859186
16862106
23015552
17728997
24519714
25157100
19575524
15774661
21648480
17098525
12649133
18742892
23704172
20316928
15141613
16151443
21625314
22317438
12490451
23060227
18711259
24703258
19400988
14843022
16433306
12314203
12855773
23857631
19054411
18819620
15154521
21044516
16723514
27385288
16840149
18148956
18364758
14398730
14919111
21237182
26673945
17306196
17207596
18519017
18048714
18689519
19481475
25445207
21161851
16768570
11607760
18518098
24825916
18870544
14977503
15221366
26524447
21862677
17787466
17769123
18050220
24285372
14957468
15823804
21166072
22371718
17618993
12389197
19002428
19009206
14459902
16029947
20571106
21887011
17477039
12282478
19627538
19244789
14674261
14779781
20700663
16578158
12332207
17639970
24231876
14395581
14517191
26198205
20543599
16397790
16603399
23302908
13476017
13150347
30791682
25886532
22898370
33944406
24485160
19196576
15141947
15299621
26411974
22260004
16612883
12312524
17886198
19281115
24874497
21132398
21143683
21524799
16192254
11985654
18971306
18807162
14338092
19870790
26461323
21574143
16610935
17691140
23267471
18466064
14317271
27359955
20950410
16101736
12293184
17976452
17876235
13112770
25746098
26074156
16674982
11438204
17118823
17458393
18241351
13427868
20047327
15129929
21987586
16387773
12470250
18717534
24193155
20033116
14812802
20884434
20899356
16875724
12213398
18129277
18573692
14027822
15676435
16041107
16252881
16664652
12980973
19400503
19513084
14808872
22093852
16588152
17255330
18094887
18116008
19032287
19890454
15612388
21155228
16407412
12421407
18021558
23851399
20154327
14732692
15797679
22299200
16587929
17832397
13317895
19332636
19782488
14715809
15638516
22049944
16184058
12515308
17880488
24500825
19606208
14478347
15579451
21290567
21869944
17504623
12665145
19696492
20375147
14764419
15669714
16996296
27380791
12817131
24616105
19168483
19500565
14508278
15094414
27100349
22134104
17538953
13614455
18986232
19033636
20276888
15703290
15678732
23849365
17928962
12632150
19532380
24781180
15421147
15699632
16517633
16239839
17734941
17690849
18814991
19540781
26043922
21220331
16653631
16599509
23641106
17932881
13590561
14429485
20455854
15666546
15865826
27436861
23751087
13951188
13506542
18882476
20112120
15632967
11842824
22319852
22719281
12817459
20042169
25082824
19933176
44544665
98197959
108431498
98056466
84081354
94327889
78866661
49083432
59389460
29483648
69718904
39828327
23577393
40760668
31103462
41184542
26418491
22248378
43891362
44567268
35605896
29866222
25409295
25682250
27113794
22521403
28111057
23478569
34582661
30178666
25507586
25694802
26308032
21621035
33627686
28160770
24265873
24790836
25507288
25947311
21375178
28267925
27899097
22838424
24051254
24478718
25953455
36026429
31564531
27964141
22401602
28870974
29302920
24619109
25550981
25963930
32346988
31951616
28156298
23895487
24042342
29746788
31996717
31635385
32773692
33039029
33507771
34485661
29715177
25445190
25634566
37495809
32869216
28236999
22566978
23985013
30049200
30454577
46783594
42376392
23139103
33490653
43726743
23783021
30299792
30290383
30674773
26633010
27564269
22546022
23036191
24123414
29857309
29929752
41507979
37635118
32969817
33249916
28207613
28765877
24915884
25431330
30777940
31998784
32848026
28059754
38370494
28883332
24402301
30830985
30773122
32063021
26430765
22324783
28430160
28449593
29850041
30607150
41606420
37486187
32005146
22792926
29228504
28664245
30307311
25757027
26019537
37254324
37260078
28098348
22462703
29316351
24300612
25694723
31147771
42681144
37424250
28159027
22814835
39714140
30402023
40630047
31160790
31748005
32380769
38957393
38677508
29627219
39645574
30514558
30971922
37142224
54659187
54782881
49331542
40189769
25020108
35240840
25611819
32959281
52982428
43805518
38796210
40117088
30429351
25926541
26164399
26279272
26737305
22578284
22875595
28993432
30196780
30560368
42014160
41930400
32683221
32796760
23101762
24168849
29565044
30350047
26168091
31272802
32354896
43487080
44912178
39638605
30970988
41232335
31528473
26333522
33373297
33687059
33445900
24058418
24819845
30415349
25109619
26485722
26592915
28245734
33973078
29127533
24256901
25028968
31600071
26633591
27225048
27363161
27760031
24157151
24134156
30119032
30889970
37348453
27881671
22529742
34151966
28934948
24485958
30207850
30851948
31225705
32931225
28119503
28690489
33735423
29879376
25277514
25247114
32179866
22772486
32927292
23269003
34049308
29733342
25323485
25683439
31636668
32003132
27925799
28644040
23885901
24379243
30820988
31054886
32108414
27559915
28025462
28939789
23088573
25368509
26101567
36324177
26859912
28047984
22811227
24180814
30062102
29648984
25590463
26165153
26760240
33154061
28638221
23437108
24105373
25579680
25733532
26401595
26302871
22800830
27803839
33920400
29759607
25746958
25763302
31286307
26624999
28207087
28132768
29322474
24370559
25310574
25469860
36951053
32241342
27723679
23049233
24032963
25030252
30686997
31519767
26251228
22619786
33796754
38647780
29521507
24243760
25226197
31826207
26613600
21887713
22732056
33971112
29270276
30363092
25863466
25954348
37310629
42897940
33853277
28172603
23692305
25053550
25456429
25802687
26982171
37275565
33463928
28176204
24058905
24088980
30910153
41060546
26577847
26367107
22800081
28664513
29642048
29733493
24610112
25876225
31411452
32310752
33675722
28745923
23870823
29169211
24666399
25409318
32455629
26558731
22902707
28862157
28909364
30561145
25482676
26361184
31790996
26626347
22659735
22682899
24125074
24131728
30012796
25696501
26640104
27036956
28691534
28398697
28921623
24357187
36125193
41895700
36614174
32059434
22687527
28753822
29453589
29232418
24648229
36166740
27120820
21691291
28189148
28701886
23923059
24420487
26017675
26113786
25967637
31968867
33617592
33503843
29260249
30496083
25423005
26138058
37106908
37397833
33451116
28035318
29436393
25167551
30599729
25832475
32282251
32208622
28396934
33511684
29486718
30166262
24677975
25784051
32399304
22555306
22570930
28885002
29403641
29395347
30081094
30744095
26835878
32181642
32765303
23813045
34071648
24349310
35649882
25914963
26324810
27844168
27745774
28719024
23585816
24809541
30145956
25817296
27197647
27193692
22665138
33035963
34228601
29204120
24811658
25658958
31850243
42719973
33605005
28083908
23590256
25204469
30818527
31340499
26533109
26977984
33694018
28119048
23986313
24725804
24928581
26105030
37351429
31889872
33480657
28057367
23736586
25368068
25328416
36193466
31881326
26703717
22489849
23056562
29162370
29439253
25409864
25632170
36971223
37705043
33616230
23773246
34412804
30290434
25961237
36017572
26787158
22649115
22936445
23119811
23889540
25002766
31084426
36107733
37715683
42782007
33554704
44019162
24281693
25307934
31082675
31068580
31683652
37364782
38987088
33336970
29423313
24684643
25907444
31384003
27015197
22219591
28250775
33311201
29271398
29601225
25764798
26280215
32327658
32642269
27695264
33640469
28683476
24734331
30689401
36370904
31946981
42439183
23126234
33312388
29962050
29547153
30722730
36047220
42311259
37855751
44128449
43963080
39878599
29934309
25291673
25805819
32146608
32976388
28264942
28102149
29035072
24919058
31301056
36463565
37653100
32614291
33483805
28326365
23672070
29932229
30689775
36548526
37091862
31777901
27947747
22715803
29022946
30025430
30720039
30739293
21541576
31687217
22941778
24009010
29263430
29848403
30607308
30707353
31846556
32195803
22816954
33572116
23725597
29846079
30552518
25713739
26726323
27578392
33377408
33492595
23745106
29902547
36177132
30753504
32222038
22663103
28572349
28693899
29769000
30509926
25630932
32120261
33068584
43964737
38756567
30360134
40438095
25744672
25857264
27308141
32864715
28325190
33192530
29014487
29892863
25642378
25750296
32193676
33259428
33335295
23810985
34303212
25085182
25747649
25763049
37265461
38531582
33307397
28372596
23638844
29961003
30341492
36255886
31881787
27653489
22641320
28375995
29106855
24504528
25415593
31306394
22353748
32461934
27909305
22700710
29129862
24519978
25434016
31029300
32091849
33320867
33554510
33491380
29032664
24530139
30582936
36259438
31747782
33080148
33409926
34249517
29513785
24907632
25448877
36425262
31664739
33207151
33511946
28802742
23775560
24278290
30753536
26491642
32110941
33075049
38886907
33269216
29296690
24941207
25570962
36614996
37733437
54416373
49798529
60110003
30253914
40364795
30777014
25696790
32540275
22780405
33078645
28194078
28931892
29909858
25366941
25565157
32197118
33060567
33329860
39718075
34160177
30120938
25389660
31247546
31962793
33157336
33416977
23891220
24409306
24564431
25385172
36250327
31637827
22455196
27738362
29153102
29072576
30484915
30782955
25657144
32130786
33311328
33387517
39521099
34554775
30162814
25840539
31274151
31781318
33313849
33627258
29446633
23760882
24742808
30865516
36175657
31783130
22853811
33192602
23761924
24375877
24870907
25479158
26592040
26528945
27855145
27927582
33861871
29275754
30076385
25419009
30818515
31877774
33239985
33286286
29007018
23571075
29725606
30738904
31528397
32055726
22794188
27804771
29280210
29022187
24487370
25607079
26664507
32375240
33069574
33372588
23908602
34473302
30213281
31271478
25838681
32466571
32666675
34002372
28879591
23788748
30155174
30868348
31149852
26567298
22514954
22152104
28682995
28938287
24193653
24973392
30969153
32216326
32798849
27778236
23699925
28726242
24116652
25445040
21543874
32191731
27502669
21982459
23741212
24637546
30080362
25512451
26289375
27460407
27772785
33323226
28958255
23797893
24403647
31044828
31544974
26317541
27390527
27558237
33927530
24649305
24365680
25829325
32074648
32739419
27755367
22538618
28431817
29750937
24827684
31088171
31300556
31336971
32629755
27688352
29096149
23923521
24912886
31176721
36587210
26609043
22219467
28819896
38981364
24410234
24520914
30304267
21364499
31678589
27717234
33585480
29294051
24105978
25676498
25640097
32058369
32649271
32884297
28231952
28859094
28798594
30285329
25288242
26229339
26193634
27742938
28392133
23107773
29965719
29766319
25725804
26225861
31790041
32825215
28600584
23173434
30212331
30150788
31039601
31042102
32265365
32689921
28526277
22950658
24451456
25306444
35891756
37178688
32223546
26982559
22680597
28708269
29227159
29799679
31269454
25775626
27014665
32579224
28431569
23194010
24625785
30324963
30643222
32236906
26793685
27792142
22559458
24042971
28940703
29695945
31005159
26593221
26675220
27984575
28258230
23869277
24863432
24491070
25418214
21131204
27657743
22722584
32975178
23828411
29372268
30054055
36238596
37316765
31842316
27869219
27789749
29145682
29178437
24639958
25551866
26442216
26466917
22593430
28101100
34170765
30237097
24849100
25403423
32010543
42385558
54399332
54787387
30353766
40394943
50686373
25682808
21342728
32307703
33490565
33547131
33889747
30098367
24685001
25692587
26819205
26796879
27725482
28098920
34171568
30133864
25654666
35985047
31775733
31908105
27751965
27954437
29307192
24381413
24335037
25323724
26251787
21850132
22242944
22602403
28927581
30139210
24401504
25424617
26396800
26885620
28082208
28176963
28904643
29068675
29702942
30614676
36992800
37251957
33063323
28003108
23709683
24521678
24639159
25585834
26499608
22266087
27325216
33502895
34421803
29177475
24356431
25769360
31915861
38300055
33527905
43865226
34465094
29965835
24572958
31371275
32065062
26094567
22284361
22507018
28792510
29279874
24411581
25564148
37287211
32143682
28054007
22911567
28765371
24628646
25011797
25470086
26371901
32519156
33481695
33247053
34467589
25119932
24608099
30581906
37186941
38078870
33052949
33196164
29290337
29137075
24659980
25711872
26527215
27719825
32899617
28111627
28841928
29939068
29809753
30673478
31646488
37119980
54181678
54530339
29921900
40014062
50323510
25478086
21168561
26851561
28147074
22629412
34291432
24930384
24797170
31049448
26421404
31881682
54952362
54716635
30358992
40588613
50876644
25559340
25870540
32619886
32866415
38459601
34142257
24781431
25026712
25585117
26532148
37742095
33355977
33164707
34249767
29992971
24902138
26227915
25932431
32080351
33230022
43505038
34180589
29869923
25153063
30739079
37597018
31825393
32873881
27920148
29000362
24027311
24509597
25215787
26303995
26484589
28019123
28965871
23723166
25203053
30011681
25509881
21324847
22167747
28152251
33370535
23936662
34482895
29775064
30938182
31713807
37283812
32914361
33402794
24070100
29126332
29830226
25712670
27064586
26407312
22797120
27987740
39769983
40096543
30376006
25514992
21510426
26670759
27863372
22973267
29062709
29176734
25027854
25520098
26639151
32815913
33019975
49201220
40217412
30283856
50520595
25485153
26368759
32329605
33418893
33612404
34587400
30019106
29908070
30888658
42878432
37226000
33090758
33369541
24004541
23786598
30292304
30985957
31116124
37256714
33198120
38737811
40098564
30020515
40908674
26026247
21714413
32517547
33195227
33215164
29115500
23726899
30317924
36271233
37713927
33073704
28006525
22581714
23808029
29122050
29767263
25641500
32079684
32164732
33141165
44122471
45147450
39909828
35093470
30906609
21789035
27078187
22392490
22817204
29193806
30067517
25436177
25649953
25846699
32418173
32526697
33593537
24338250
23612247
25056719
25547107
25666790
22262580
22419970
23344659
29118881
28850705
29430735
35885762
31646246
26833741
21475734
54635670
40235281
50549665
34863090
30829748
25414790
21795801
32305736
39078886
34099701
29681591
24300069
25630373
26146966
31440134
38243278
38209519
34016584
29685648
24554076
25174949
31571386
42052841
32720738
32674354
28437785
23229304
24266247
30646601
31449333
31252166
21974276
22063228
29001756
28772723
29262097
25400726
26279711
37424959
38411548
32757070
28721759
23365738
29476495
29809960
30879347
31250873
32462381
38411633
34043174
28563277
29495070
29919379
25192727
26361675
27129604
27532290
27616844
28316222
24131948
24879447
30656370
31422925
32490948
38268964
32933798
28476122
24039155
30102853
41271852
32105108
43452059
33209425
43587124
28726178
24248622
25100723
25274700
36700890
32403839
32710226
32751002
28617056
24395883
29712819
35498690
31344550
31137395
21883928
27343878
33904622
34680102
29095096
24935982
30693812
52577835
49083792
59380646
39785513
29698399
40462307
24839037
25476359
31217384
37828259
32691438
28326831
23111450
29116572
25210021
25182407
26103789
48669556
43592945
39861825
29944586
24064443
25205533
25367121
26773248
21851799
27292016
22941973
22980449
24160358
25240104
30801473
31566235
32383180
32639490
28352737
28455714
29281930
30453024
35814779
36685658
32478494
27005023
27507221
28454800
24371126
25314444
30613158
31281534
27140310
27465164
27534926
28545832
24353541
30568212
30435567
31582034
37460535
32957793
28182738
23059097
24637608
24552369
31080886
26715842
21512854
32312314
33477097
28534911
28706282
24585066
25782690
30876996
37263424
31897921
27746088
29073796
23678224
24316439
25583261
36964216
31074039
27029219
22526005
22921099
28474224
24465703
29921284
31272013
25938653
21876019
21801728
33650285
28367563
34153742
35203775
31002605
31631323
21891929
21569617
28019687
27734467
34198994
29568710
20604799
30850099
21394019
26925099
27464228
28655378
28817983
24072593
30447913
30972330
31198498
26982745
27857833
28009085
28380837
29392143
40230732
30523356
26745513
20888797
27121820
27381847
28520108
34998433
34576843
30713451
25705709
21474195
22760399
32966452
22796691
23026860
34924423
35169360
31185437
27011708
26319722
22059274
23417191
33823821
34863457
30323976
25560553
20144164
26704752
26867753
28367613
29082156
29359821
29544153
26413840
20269573
21331634
26902914
27879013
28570803
29450712
24964751
19771361
25177345
26508009
26255099
28060908
22773652
24219254
23719719
27267310
27555889
28604354
29039348
29412071
24898180
30516024
37449253
33362221
28254442
70388108
61217246
48303900
58574414
38910290
40393667
30473885
10714882
21111479
11986426
9699563
23891492
14565879
31948884
22683369
15730150
13616442
20227103
13940056
11577687
9435838
7591853
10381007
12641351
10638514
11433361
14571758
7409246
18184207
16630940
13802122
11936006
13784564
11585890
9523682
20101801
13721122
15477859
13808929
7817415
14294785
12084067
9726951
11987014
14125225
23803246
17474627
11476727
9649388
12245876
9888319
7706512
13826682
19689058
13611394
12310818
10146179
12208580
9851468
11686055
14401381
7785702
21246871
15818443
9799387
7515406
21879302
16216826
10079603
15928206
9153469
12567014
9830658
11452732
14500743
7804699
17409429
15710411
9861385
11532254
13972641
8024596
13405954
11838658
17350217
11916025
9502146
12292858
14037088
12072900
9494009
11066998
21737938
15535217
9792829
11002278
9084133
12404004
10181437
15188935
13180965
7712072
10041937
20478815
13462657
11055407
14136144
12162981
9188342
16108067
9397485
11195901
13993903
11159796
13202967
11924813
16934397
16092014
9485738
15434789
13657564
15469765
8857261
15990792
10187878
11916084
9223065
15752640
9282142
16340936
13563580
15818298
9653095
7702482
14895086
19230246
16962228
7604881
14370542
11260400
9403912
12318888
9404617
11700154
9196027
20161385
10666466
12023514
13313655
14965787
9049785
15861134
9930961
11253454
13945058
11071587
12975058
15544549
9133482
15698243
9671742
15960984
9338896
15327527
13192747
11119411
14018417
11254436
17126795
15950940
9095362
12028953
13147618
11113146
13293967
15852719
9221173
12079821
13231451
15304881
13099396
11421269
12993422
11479332
9727694
15244081
8805925
15512467
12787539
11029220
14002519
15357959
9537738
11485558
13017913
11425844
13288343
15216025
13426763
11425196
13093938
16014612
9481553
11783929
13379483
15374605
13381910
11711037
13493690
11923170
13439852
15655696
9446670
11623292
9465011
15733874
13397053
18446464
13165362
11480107
9778048
10548170
13782631
10430886
9291151
10355920
13799064
11467753
13377164
10541834
12905655
11541348
13324984
10516814
13327464
11388830
12539635
14506595
13507119
10588236
9363992
14693693
9412161
15924693
9135732
10375866
13234799
10602961
13104764
10471791
9625884
11452536
16610004
10636639
13293201
10502097
13644347
10681930
12445563
22659116
17625509
14540425
13202720
11137674
18500748
14460033
8460823
15408282
12485416
10690674
13051354
10738352
14102319
11338986
9581038
10719330
12958985
14928835
8643966
14643536
9776273
18422731
16997460
10571556
9159790
14816152
12462814
10779864
13401999
10467976
12999222
11101654
8644290
10882653
13565237
10703705
12523108
10769072
13037033
14851573
13447572
14863227
13292139
10738897
18202056
10719288
12765889
11259490
12742876
10817565
12685860
10569649
20548835
14575196
8639446
11098048
17562971
10458345
8331446
15043857
16486041
10491462
12453507
11080460
12359781
14877817
12450548
10484679
13101194
10463846
9049123
14889823
9279156
11034304
17806521
10512541
12677838
15459298
9014893
15060633
16884707
10729224
8285954
10999454
12452436
10530074
12848838
14814296
12302734
11319683
12930141
11135624
12253170
10028245
12311221
10958287
8867216
10951033
12768246
10497727
16592324
10264187
8820074
15165280
16600768
10056317
12500758
10750056
16866772
10798481
12714192
11066218
13099609
10926849
12892219
14526462
12597101
11192638
8548003
14546542
16982045
10562915
8553148
14529887
12402523
10604471
13370295
10481052
16251337
10615488
8650211
10614788
12312404
14390148
8441412
10569201
16499298
10393841
12508574
11181577
16542025
10709967
20475151
15230483
8704202
14278930
12570479
14660219
8300476
14770561
13290443
14663684
8639432
14521155
9026755
15069274
12401205
18323288
12105599
10590765
13377331
10946487
12751774
18580981
12369832
10453712
16406470
10625598
12658805
18706163
8795066
10746358
12203790
10470114
16591043
10187576
12708169
14370199
11974410
10816717
12663529
14968267
9583588
15114389
12657644
10898094
13192540
10526600
8924031
10702191
16942345
14947856
11905350
18506318
12575675
10621442
12368705
10737930
16594254
10611653
12753145
13918233
16288030
10464841
12143877
14692809
8396509
14621333
11970054
14669143
12176732
10632192
20749631
18451459
12607570
9981726
16696842
10739067
12482534
10805367
16847556
10710922
8967257
14556963
12556542
9657768
16538759
10608738
16721413
10289232
12767647
14525962
12607911
18230363
16508435
14290445
11919190
18420632
12643970
9429911
16182489
14386713
12469339
9899937
12894704
9489588
12393879
14453460
12452663
9489265
12127462
17378852
12499213
10214712
15920260
14092208
15814377
13882482
11994299
13631192
11823077
13978508
11628590
13582998
19650574
14198571
11228287
9654961
12179771
14304108
16274693
9393458
12276738
13741397
11877840
14145936
16228752
9883363
16339592
14099349
15147660
13623489
11422521
9540596
11077563
13110231
11677128
8912110
11330874
14120762
15073018
14119655
11638657
13969368
12049558
20712275
14873390
12695425
19424724
12804269
15746239
9223617
10768526
13337589
15392310
9142881
15113741
9528622
15439462
9172256
15552608
8902128
15500912
9533544
11512271
13585077
15153959
8967359
14749714
13048149
11007445
12875835
10859851
13000792
14872691
9556244
11627543
12479595
10855018
13001752
11432153
13306685
11135672
13034205
10240046
8999697
14100960
17023919
10808186
8979594
10964553
12109699
14047505
12282439
15441774
19982013
10429114
9015004
14662817
12147296
14083375
12651928
10189586
16737357
18080237
8092685
18299762
15618993
13876813
8684930
14936048
12828519
9893708
13196255
14599638
16553800
10709799
11894568
14250302
12353688
10536679
12275188
10457014
12027682
14189380
16539269
9978100
20720909
14528431
12441068
9906586
12496679
10599604
12328004
14692631
8652271
14482033
15526463
14693196
11546072
17779387
11674337
14091813
16388227
13886429
8472371
14012823
15906423
21847862
12596239
10075188
13083019
14101636
12182504
10065450
20673201
15151008
12050440
10828327
16537284
15063033
11641991
14397939
11962975
10188646
20187736
18149059
11842166
10640969
12235214
14183634
11964314
10111985
12296207
18031015
11874221
14715915
12033418
14348509
12136610
18104223
12352786
9946258
16585895
14337794
12228738
10071195
17074626
10218228
12521590
10664055
21394570
13574927
11832005
19066994
12852942
14147157
21017437
17603423
12360469
14702479
16198533
10401351
11991562
14524052
12067983
10346531
12689372
10122439
12036665
10145716
11985776
13986976
11653928
9577637
16155459
13969478
15738640
14155011
12983811
9975922
16497120
10574650
8627245
14654465
12255433
9728096
12006346
14179173
12214767
14402017
12224996
14881060
8309643
18208924
12215256
9876879
12277912
14258338
20469314
17814722
11551815
18152488
11789467
18037615
12437311
9870361
13062741
10481359
9792235
19982520
15991342
14458457
15683334
14187622
11552678
14055578
11927178
13687239
15848495
13932166
11695377
10263246
12218056
13910062
15963386
14011358
11575558
22396497
15680389
9860545
8641286
17621355
16055456
9904479
12018086
17735827
15614216
9682023
15601428
14228890
11680623
13905360
11845021
9775454
16341836
9395391
15692409
17836032
11527636
13879572
12421449
13709515
11857166
14414015
11434714
13863643
11705724
13636631
16212446
9737192
11795013
13860535
11662039
9955153
15740279
17767597
11586416
14753691
15934696
13878927
15736561
9981277
11826185
9757359
11571773
13624479
11701083
9508247
15936694
13711121
11700991
13471793
16066128
9848460
12208358
14108143
11655203
9331575
15732583
13834214
11941837
9728495
15709549
13907132
11711790
13998692
11675327
9649739
11651232
17777558
11655146
9869846
15420297
13871558
11933829
13574150
11074110
14255594
11060776
22003127
19268859
13672688
15734785
13372381
16155182
9452426
11398229
13995456
11491181
13952546
15496920
13572939
15812606
14007562
12078286
14308656
15944858
9876354
15290474
17913048
14893553
9589860
11044500
17871328
11590894
9891486
12449829
13795007
15724900
13863643
10987759
13510328
11785828
9762199
15335532
18173568
11747303
9220882
12266364
13806100
10718046
17155703
11933198
8978918
11711915
14047964
15624685
13993764
10979515
14114111
11720354
17486933
14981231
9820365
15557893
13845492
15727629
9449650
11743177
17692179
11584642
9616138
15151247
13703604
11831285
13426350
11821507
13803432
11805185
13874174
15441487
13450960
11409802
12653703
15879093
17401029
10493437
9437111
14726605
20744050
15687940
13328727
11736399
13287755
14710612
13836592
10790377
12624825
15865964
13812897
15861563
9437772
11548292
16899470
10805938
13516299
11321362
16882645
10859171
14093890
14847544
13684631
10680291
14156655
10773460
13326185
10840607
16908520
14886892
12970926
11726377
17978678
10879039
16660237
10544257
17833937
10750850
13938160
14900353
17346694
14680386
8996756
19379677
10491430
11066884
16705054
11145585
8886548
15698014
8972454
14852567
8609089
19470771
13088263
10721043
13506548
10741522
9245825
10683967
16756207
8580107
11798591
17688589
10866083
9147173
14661060
8831865
11201330
12917104
11268725
13451267
14638693
12795905
15428370
13553796
10842491
16541264
10836834
8796178
15450950
12718622
11008647
12811643
15324446
16865680
10738688
13954337
11169079
16674482
10613859
13237800
11458331
17140464
11255749
16700903
10997252
12408508
14853831
12994250
11027226
17800348
15179661
12587963
14844024
12920171
11806052
12959334
15073233
12430607
10708876
12369908
14893727
13193627
11062021
8954096
11784072
17337056
10652369
13209899
14284815
12854963
10323025
17011428
11066871
12577653
14405691
12946090
15039776
20990932
13824209
8664168
10327033
16339928
10080725
13125393
10881225
13264582
15153429
12089468
14024781
12036155
17942663
8786200
10261057
12933450
15009540
16181648
11071479
12003392
14190099
13083150
10849455
13097508
13986501
9436312
11806027
20761060
14889700
12167872
14728651
11920090
13828563
15765007
13942863
12116741
10112411
12795573
15378405
16015985
13838784
12480886
10075376
13106542
13889416
9282716
14845254
16784835
10066756
12575940
13851873
15601791
10087765
16191885
14119420
12986458
11009597
13021377
17870200
11999405
14841067
8436112
10028264
12029153
19104831
12666338
9858271
13165243
13851850
12341651
10959800
15698739
9847816
13034539
10875403
12985925
13472322
16993387
9728980
11967810
9867838
12837930
14127943
12736463
15078696
11879456
9913252
15868291
10132384
8801135
14625953
12822341
11001677
9547073
10042577
12714964
13934929
12735919
13985164
12658753
9747349
16355579
9995038
16011515
10380117
16570412
14703826
12070782
9843067
8610066
11122290
11965077
9908010
12911062
10653334
12902513
10387648
12684434
18256577
19768934
15320576
8799816
22022365
13158068
10118191
12153533
18389656
12310212
11580354
17202990
10401294
9059527
14168629
12165599
14479997
12392192
9864740
16990725
10080877
11916978
13875404
12615988
10348529
12241609
13853313
11872229
11090523
16712702
9897708
12010375
14371827
8913238
14473488
16120754
10645476
12333226
14085014
12868305
14169835
12449184
13975815
11897168
13835383
15855477
13945204
12692010
9911491
12983575
17941840
12156540
9983419
16302990
10055670
11863198
14713977
11899324
13597689
15946125
14598988
11983188
13886727
11934221
19235836
11996958
10764536
16548766
9897309
12016927
13686816
12157041
14613857
16233059
10684776
12575887
10835019
12506456
14192427
11786864
13927206
16278970
10158081
13463858
13960462
11933400
19112841
12051390
10425210
12127516
18469486
12228469
13968679
15890622
14636390
12519970
10156511
12745864
10759600
12583139
13974893
12987468
14063366
12003814
13987086
12302973
9959953
16239512
9900186
12376804
14486616
12054518
14008649
12081661
14183074
12269962
10970004
12083981
9993497
16155370
14716024
11931670
13914230
16205368
9773168
12325481
18252304
16192919
9919390
16627220
10012856
12051881
18727247
12430755
14567050
15916882
13937740
11710885
14052161
12955182
10330713
12130523
21698307
20131231
10533584
15927391
9350154
15710944
10236525
12100727
13291300
12355766
14306745
11888186
14129155
16025158
9607580
12291083
17746380
11798511
13876103
12159183
13909061
11924158
13820096
15830770
17991577
11949745
10039099
10985185
17916380
11916742
13947531
10948098
13882658
15955105
17829648
14859819
13875462
11200083
14078567
11872643
8874259
14973687
13683656
11647979
13783410
11960386
9079786
16105039
8655929
14989013
13791231
11718340
9833935
11314522
13743823
11775203
14004267
18924299
12793636
10912317
13491090
11549541
13706122
11849749
13865226
8271256
12792418
14943130
9681113
15917659
9870145
11741622
12797234
14945380
17656780
10456206
13066894
10943080
13866030
10752196
13670542
11303899
13856784
10486011
13762106
10770905
13765375
10499000
12798049
15822919
12743436
14542531
17792745
10790137
12725947
14814850
13478461
11821869
13859313
10819976
16754069
10632559
9583846
15617503
8562187
14864491
13398182
10710000
9503801
10910506
12792724
10732090
12560728
11809494
9728414
10782314
12399034
10154649
8429161
14764043
13584069
11542062
16843476
10721040
12868518
11078473
12896206
14658004
12846601
10812908
13635678
14529917
8532206
14799911
20939897
11298520
8543072
15573452
9825907
14689702
12976393
10870325
12786146
10545576
12470255
10632447
16958037
10609354
9802381
11419148
13175533
10848571
13711469
10495169
12852491
15020939
8519378
11879923
9710978
11091671
17114175
14642222
13053181
14668159
8699142
11649405
13324758
119854634
120715224
122076635
111440400
91546421
121841001
102003233
82106020
52473890
82601612
32602477
62900970
43038691
73312986
22528810
12895031
33380005
25170081
35439040
20965778
31243078
11592615
23087411
33352284
18696280
28964730
9289117
25471947
15642067
16286429
23534110
17518686
23884427
18768054
8841629
32122241
16341773
27168654
16560979
12066078
24108262
23168570
13740463
26613502
31228384
21985632
27318263
18239398
13116689
13791667
19236946
15721762
20771233
16644034
11655041
23083490
28976111
9380171
19747558
30638535
11046588
21343880
22589747
17064206
12674349
19014383
19620962
10042159
31108422
21344464
28511754
39082643
19227710
9235703
19558376
14071926
25779691
16697299
26914425
22202153
17466057
8178359
19317734
19986124
20242296
26843171
17155722
11430672
12824431
24325417
19708996
25299550
20125629
20811133
22275484
22180479
12809404
18876861
19173496
9753003
25826568
21307190
11946445
27845164
